2022/03/17-19:37:24.790985 7fad75f8bc80 RocksDB version: 6.17.0
2022/03/17-19:37:24.791482 7fad75f8bc80 Git sha 0
2022/03/17-19:37:24.791742 7fad75f8bc80 DB SUMMARY
2022/03/17-19:37:24.791775 7fad75f8bc80 DB Session ID:  HXX31F7S9P9TJ9E3XFR6
2022/03/17-19:37:24.795133 7fad75f8bc80 CURRENT file:  CURRENT
2022/03/17-19:37:24.795138 7fad75f8bc80 IDENTITY file:  IDENTITY
2022/03/17-19:37:24.795143 7fad75f8bc80 MANIFEST file:  MANIFEST-000068 size: 6053 Bytes
2022/03/17-19:37:24.795144 7fad75f8bc80 SST files in /home/lightfury2/Documents/work/blockchain/ICP/Static_website_ICP/.dfx/state/replicated_state/node-100/ic_consensus_pool/consensus dir, Total Num: 12, files: 000072.sst 000073.sst 000074.sst 000075.sst 000076.sst 000077.sst 000078.sst 000079.sst 000080.sst 
2022/03/17-19:37:24.795146 7fad75f8bc80 Write Ahead Log file in /home/lightfury2/Documents/work/blockchain/ICP/Static_website_ICP/.dfx/state/replicated_state/node-100/ic_consensus_pool/consensus: 000069.log size: 204368 ; 
2022/03/17-19:37:24.795148 7fad75f8bc80                         Options.error_if_exists: 0
2022/03/17-19:37:24.795149 7fad75f8bc80                       Options.create_if_missing: 1
2022/03/17-19:37:24.795150 7fad75f8bc80                         Options.paranoid_checks: 1
2022/03/17-19:37:24.795151 7fad75f8bc80                               Options.track_and_verify_wals_in_manifest: 0
2022/03/17-19:37:24.795152 7fad75f8bc80                                     Options.env: 0x55c9f0ecc2e0
2022/03/17-19:37:24.795153 7fad75f8bc80                                      Options.fs: Posix File System
2022/03/17-19:37:24.795154 7fad75f8bc80                                Options.info_log: 0x55ca28d34360
2022/03/17-19:37:24.795155 7fad75f8bc80                Options.max_file_opening_threads: 16
2022/03/17-19:37:24.795156 7fad75f8bc80                              Options.statistics: (nil)
2022/03/17-19:37:24.795157 7fad75f8bc80                               Options.use_fsync: 1
2022/03/17-19:37:24.795158 7fad75f8bc80                       Options.max_log_file_size: 0
2022/03/17-19:37:24.795159 7fad75f8bc80                  Options.max_manifest_file_size: 1073741824
2022/03/17-19:37:24.795159 7fad75f8bc80                   Options.log_file_time_to_roll: 0
2022/03/17-19:37:24.795160 7fad75f8bc80                       Options.keep_log_file_num: 1000
2022/03/17-19:37:24.795161 7fad75f8bc80                    Options.recycle_log_file_num: 0
2022/03/17-19:37:24.795162 7fad75f8bc80                         Options.allow_fallocate: 1
2022/03/17-19:37:24.795163 7fad75f8bc80                        Options.allow_mmap_reads: 0
2022/03/17-19:37:24.795164 7fad75f8bc80                       Options.allow_mmap_writes: 0
2022/03/17-19:37:24.795164 7fad75f8bc80                        Options.use_direct_reads: 0
2022/03/17-19:37:24.795165 7fad75f8bc80                        Options.use_direct_io_for_flush_and_compaction: 0
2022/03/17-19:37:24.795166 7fad75f8bc80          Options.create_missing_column_families: 1
2022/03/17-19:37:24.795167 7fad75f8bc80                              Options.db_log_dir: 
2022/03/17-19:37:24.795168 7fad75f8bc80                                 Options.wal_dir: /home/lightfury2/Documents/work/blockchain/ICP/Static_website_ICP/.dfx/state/replicated_state/node-100/ic_consensus_pool/consensus
2022/03/17-19:37:24.795168 7fad75f8bc80                Options.table_cache_numshardbits: 6
2022/03/17-19:37:24.795169 7fad75f8bc80                         Options.WAL_ttl_seconds: 0
2022/03/17-19:37:24.795170 7fad75f8bc80                       Options.WAL_size_limit_MB: 0
2022/03/17-19:37:24.795171 7fad75f8bc80                        Options.max_write_batch_group_size_bytes: 1048576
2022/03/17-19:37:24.795172 7fad75f8bc80             Options.manifest_preallocation_size: 4194304
2022/03/17-19:37:24.795173 7fad75f8bc80                     Options.is_fd_close_on_exec: 1
2022/03/17-19:37:24.795173 7fad75f8bc80                   Options.advise_random_on_open: 1
2022/03/17-19:37:24.795174 7fad75f8bc80                    Options.db_write_buffer_size: 0
2022/03/17-19:37:24.795175 7fad75f8bc80                    Options.write_buffer_manager: 0x55ca28d63030
2022/03/17-19:37:24.795203 7fad75f8bc80         Options.access_hint_on_compaction_start: 1
2022/03/17-19:37:24.795205 7fad75f8bc80  Options.new_table_reader_for_compaction_inputs: 0
2022/03/17-19:37:24.795206 7fad75f8bc80           Options.random_access_max_buffer_size: 1048576
2022/03/17-19:37:24.795207 7fad75f8bc80                      Options.use_adaptive_mutex: 0
2022/03/17-19:37:24.795207 7fad75f8bc80                            Options.rate_limiter: (nil)
2022/03/17-19:37:24.795209 7fad75f8bc80     Options.sst_file_manager.rate_bytes_per_sec: 0
2022/03/17-19:37:24.795210 7fad75f8bc80                       Options.wal_recovery_mode: 2
2022/03/17-19:37:24.795211 7fad75f8bc80                  Options.enable_thread_tracking: 0
2022/03/17-19:37:24.795212 7fad75f8bc80                  Options.enable_pipelined_write: 0
2022/03/17-19:37:24.795212 7fad75f8bc80                  Options.unordered_write: 0
2022/03/17-19:37:24.795213 7fad75f8bc80         Options.allow_concurrent_memtable_write: 1
2022/03/17-19:37:24.795214 7fad75f8bc80      Options.enable_write_thread_adaptive_yield: 1
2022/03/17-19:37:24.795215 7fad75f8bc80             Options.write_thread_max_yield_usec: 100
2022/03/17-19:37:24.795216 7fad75f8bc80            Options.write_thread_slow_yield_usec: 3
2022/03/17-19:37:24.795217 7fad75f8bc80                               Options.row_cache: None
2022/03/17-19:37:24.795218 7fad75f8bc80                              Options.wal_filter: None
2022/03/17-19:37:24.795219 7fad75f8bc80             Options.avoid_flush_during_recovery: 0
2022/03/17-19:37:24.795220 7fad75f8bc80             Options.allow_ingest_behind: 0
2022/03/17-19:37:24.795221 7fad75f8bc80             Options.preserve_deletes: 0
2022/03/17-19:37:24.795221 7fad75f8bc80             Options.two_write_queues: 0
2022/03/17-19:37:24.795222 7fad75f8bc80             Options.manual_wal_flush: 0
2022/03/17-19:37:24.795223 7fad75f8bc80             Options.atomic_flush: 0
2022/03/17-19:37:24.795224 7fad75f8bc80             Options.avoid_unnecessary_blocking_io: 0
2022/03/17-19:37:24.795224 7fad75f8bc80                 Options.persist_stats_to_disk: 0
2022/03/17-19:37:24.795225 7fad75f8bc80                 Options.write_dbid_to_manifest: 0
2022/03/17-19:37:24.795226 7fad75f8bc80                 Options.log_readahead_size: 0
2022/03/17-19:37:24.795227 7fad75f8bc80                 Options.file_checksum_gen_factory: Unknown
2022/03/17-19:37:24.795228 7fad75f8bc80                 Options.best_efforts_recovery: 0
2022/03/17-19:37:24.795229 7fad75f8bc80                Options.max_bgerror_resume_count: 2147483647
2022/03/17-19:37:24.795229 7fad75f8bc80            Options.bgerror_resume_retry_interval: 1000000
2022/03/17-19:37:24.795230 7fad75f8bc80             Options.allow_data_in_errors: 0
2022/03/17-19:37:24.795231 7fad75f8bc80             Options.db_host_id: __hostname__
2022/03/17-19:37:24.795232 7fad75f8bc80             Options.max_background_jobs: 2
2022/03/17-19:37:24.795233 7fad75f8bc80             Options.max_background_compactions: -1
2022/03/17-19:37:24.795234 7fad75f8bc80             Options.max_subcompactions: 1
2022/03/17-19:37:24.795235 7fad75f8bc80             Options.avoid_flush_during_shutdown: 0
2022/03/17-19:37:24.795235 7fad75f8bc80           Options.writable_file_max_buffer_size: 1048576
2022/03/17-19:37:24.795236 7fad75f8bc80             Options.delayed_write_rate : 16777216
2022/03/17-19:37:24.795237 7fad75f8bc80             Options.max_total_wal_size: 0
2022/03/17-19:37:24.795238 7fad75f8bc80             Options.delete_obsolete_files_period_micros: 21600000000
2022/03/17-19:37:24.795239 7fad75f8bc80                   Options.stats_dump_period_sec: 600
2022/03/17-19:37:24.795239 7fad75f8bc80                 Options.stats_persist_period_sec: 600
2022/03/17-19:37:24.795240 7fad75f8bc80                 Options.stats_history_buffer_size: 1048576
2022/03/17-19:37:24.795241 7fad75f8bc80                          Options.max_open_files: -1
2022/03/17-19:37:24.795242 7fad75f8bc80                          Options.bytes_per_sync: 0
2022/03/17-19:37:24.795243 7fad75f8bc80                      Options.wal_bytes_per_sync: 0
2022/03/17-19:37:24.795252 7fad75f8bc80                   Options.strict_bytes_per_sync: 0
2022/03/17-19:37:24.795253 7fad75f8bc80       Options.compaction_readahead_size: 0
2022/03/17-19:37:24.795254 7fad75f8bc80                  Options.max_background_flushes: -1
2022/03/17-19:37:24.795255 7fad75f8bc80 Compression algorithms supported:
2022/03/17-19:37:24.795256 7fad75f8bc80 	kZSTDNotFinalCompression supported: 1
2022/03/17-19:37:24.795263 7fad75f8bc80 	kZSTD supported: 1
2022/03/17-19:37:24.795264 7fad75f8bc80 	kXpressCompression supported: 0
2022/03/17-19:37:24.795265 7fad75f8bc80 	kLZ4HCCompression supported: 1
2022/03/17-19:37:24.795266 7fad75f8bc80 	kLZ4Compression supported: 1
2022/03/17-19:37:24.795267 7fad75f8bc80 	kBZip2Compression supported: 1
2022/03/17-19:37:24.795268 7fad75f8bc80 	kZlibCompression supported: 1
2022/03/17-19:37:24.795269 7fad75f8bc80 	kSnappyCompression supported: 1
2022/03/17-19:37:24.795273 7fad75f8bc80 Fast CRC32 supported: Supported on x86
2022/03/17-19:37:24.796145 7fad75f8bc80 [db/version_set.cc:4758] Recovering from manifest file: /home/lightfury2/Documents/work/blockchain/ICP/Static_website_ICP/.dfx/state/replicated_state/node-100/ic_consensus_pool/consensus/MANIFEST-000068
2022/03/17-19:37:24.796367 7fad75f8bc80 [db/column_family.cc:595] --------------- Options for column family [default]:
2022/03/17-19:37:24.796371 7fad75f8bc80               Options.comparator: leveldb.BytewiseComparator
2022/03/17-19:37:24.796372 7fad75f8bc80           Options.merge_operator: None
2022/03/17-19:37:24.796373 7fad75f8bc80        Options.compaction_filter: None
2022/03/17-19:37:24.796374 7fad75f8bc80        Options.compaction_filter_factory: None
2022/03/17-19:37:24.796375 7fad75f8bc80  Options.sst_partitioner_factory: None
2022/03/17-19:37:24.796376 7fad75f8bc80         Options.memtable_factory: SkipListFactory
2022/03/17-19:37:24.796377 7fad75f8bc80            Options.table_factory: BlockBasedTable
2022/03/17-19:37:24.796403 7fad75f8bc80            table_factory options:   flush_block_policy_factory: FlushBlockBySizePolicyFactory (0x55ca28d60f80)
  cache_index_and_filter_blocks: 0
  cache_index_and_filter_blocks_with_high_priority: 1
  pin_l0_filter_and_index_blocks_in_cache: 0
  pin_top_level_index_and_filter: 1
  index_type: 0
  data_block_index_type: 0
  index_shortening: 1
  data_block_hash_table_util_ratio: 0.750000
  hash_index_allow_collision: 1
  checksum: 1
  no_block_cache: 0
  block_cache: 0x55ca28d60fd0
  block_cache_name: LRUCache
  block_cache_options:
    capacity : 8388608
    num_shard_bits : 4
    strict_capacity_limit : 0
    memory_allocator : None
    high_pri_pool_ratio: 0.000
  block_cache_compressed: (nil)
  persistent_cache: (nil)
  block_size: 4096
  block_size_deviation: 10
  block_restart_interval: 16
  index_block_restart_interval: 1
  metadata_block_size: 4096
  partition_filters: 0
  use_delta_encoding: 1
  filter_policy: nullptr
  whole_key_filtering: 1
  verify_compression: 0
  read_amp_bytes_per_bit: 0
  format_version: 4
  enable_index_compression: 1
  block_align: 0
2022/03/17-19:37:24.796405 7fad75f8bc80        Options.write_buffer_size: 67108864
2022/03/17-19:37:24.796406 7fad75f8bc80  Options.max_write_buffer_number: 2
2022/03/17-19:37:24.796407 7fad75f8bc80          Options.compression: Snappy
2022/03/17-19:37:24.796408 7fad75f8bc80                  Options.bottommost_compression: Disabled
2022/03/17-19:37:24.796409 7fad75f8bc80       Options.prefix_extractor: nullptr
2022/03/17-19:37:24.796409 7fad75f8bc80   Options.memtable_insert_with_hint_prefix_extractor: nullptr
2022/03/17-19:37:24.796410 7fad75f8bc80             Options.num_levels: 7
2022/03/17-19:37:24.796411 7fad75f8bc80        Options.min_write_buffer_number_to_merge: 1
2022/03/17-19:37:24.796412 7fad75f8bc80     Options.max_write_buffer_number_to_maintain: 0
2022/03/17-19:37:24.796413 7fad75f8bc80     Options.max_write_buffer_size_to_maintain: 0
2022/03/17-19:37:24.796414 7fad75f8bc80            Options.bottommost_compression_opts.window_bits: -14
2022/03/17-19:37:24.796436 7fad75f8bc80                  Options.bottommost_compression_opts.level: 32767
2022/03/17-19:37:24.796437 7fad75f8bc80               Options.bottommost_compression_opts.strategy: 0
2022/03/17-19:37:24.796438 7fad75f8bc80         Options.bottommost_compression_opts.max_dict_bytes: 0
2022/03/17-19:37:24.796439 7fad75f8bc80         Options.bottommost_compression_opts.zstd_max_train_bytes: 0
2022/03/17-19:37:24.796440 7fad75f8bc80         Options.bottommost_compression_opts.parallel_threads: 1
2022/03/17-19:37:24.796441 7fad75f8bc80                  Options.bottommost_compression_opts.enabled: false
2022/03/17-19:37:24.796442 7fad75f8bc80            Options.compression_opts.window_bits: -14
2022/03/17-19:37:24.796443 7fad75f8bc80                  Options.compression_opts.level: 32767
2022/03/17-19:37:24.796444 7fad75f8bc80               Options.compression_opts.strategy: 0
2022/03/17-19:37:24.796444 7fad75f8bc80         Options.compression_opts.max_dict_bytes: 0
2022/03/17-19:37:24.796445 7fad75f8bc80         Options.compression_opts.zstd_max_train_bytes: 0
2022/03/17-19:37:24.796446 7fad75f8bc80         Options.compression_opts.parallel_threads: 1
2022/03/17-19:37:24.796447 7fad75f8bc80                  Options.compression_opts.enabled: false
2022/03/17-19:37:24.796448 7fad75f8bc80      Options.level0_file_num_compaction_trigger: 4
2022/03/17-19:37:24.796448 7fad75f8bc80          Options.level0_slowdown_writes_trigger: 20
2022/03/17-19:37:24.796449 7fad75f8bc80              Options.level0_stop_writes_trigger: 36
2022/03/17-19:37:24.796450 7fad75f8bc80                   Options.target_file_size_base: 67108864
2022/03/17-19:37:24.796451 7fad75f8bc80             Options.target_file_size_multiplier: 1
2022/03/17-19:37:24.796452 7fad75f8bc80                Options.max_bytes_for_level_base: 268435456
2022/03/17-19:37:24.796453 7fad75f8bc80 Options.level_compaction_dynamic_level_bytes: 0
2022/03/17-19:37:24.796453 7fad75f8bc80          Options.max_bytes_for_level_multiplier: 10.000000
2022/03/17-19:37:24.796456 7fad75f8bc80 Options.max_bytes_for_level_multiplier_addtl[0]: 1
2022/03/17-19:37:24.796457 7fad75f8bc80 Options.max_bytes_for_level_multiplier_addtl[1]: 1
2022/03/17-19:37:24.796457 7fad75f8bc80 Options.max_bytes_for_level_multiplier_addtl[2]: 1
2022/03/17-19:37:24.796458 7fad75f8bc80 Options.max_bytes_for_level_multiplier_addtl[3]: 1
2022/03/17-19:37:24.796459 7fad75f8bc80 Options.max_bytes_for_level_multiplier_addtl[4]: 1
2022/03/17-19:37:24.796460 7fad75f8bc80 Options.max_bytes_for_level_multiplier_addtl[5]: 1
2022/03/17-19:37:24.796461 7fad75f8bc80 Options.max_bytes_for_level_multiplier_addtl[6]: 1
2022/03/17-19:37:24.796461 7fad75f8bc80       Options.max_sequential_skip_in_iterations: 8
2022/03/17-19:37:24.796462 7fad75f8bc80                    Options.max_compaction_bytes: 1677721600
2022/03/17-19:37:24.796463 7fad75f8bc80                        Options.arena_block_size: 8388608
2022/03/17-19:37:24.796464 7fad75f8bc80   Options.soft_pending_compaction_bytes_limit: 68719476736
2022/03/17-19:37:24.796465 7fad75f8bc80   Options.hard_pending_compaction_bytes_limit: 274877906944
2022/03/17-19:37:24.796466 7fad75f8bc80       Options.rate_limit_delay_max_milliseconds: 100
2022/03/17-19:37:24.796467 7fad75f8bc80                Options.disable_auto_compactions: 0
2022/03/17-19:37:24.796468 7fad75f8bc80                        Options.compaction_style: kCompactionStyleLevel
2022/03/17-19:37:24.796469 7fad75f8bc80                          Options.compaction_pri: kMinOverlappingRatio
2022/03/17-19:37:24.796470 7fad75f8bc80 Options.compaction_options_universal.size_ratio: 1
2022/03/17-19:37:24.796471 7fad75f8bc80 Options.compaction_options_universal.min_merge_width: 2
2022/03/17-19:37:24.796472 7fad75f8bc80 Options.compaction_options_universal.max_merge_width: 4294967295
2022/03/17-19:37:24.796473 7fad75f8bc80 Options.compaction_options_universal.max_size_amplification_percent: 200
2022/03/17-19:37:24.796474 7fad75f8bc80 Options.compaction_options_universal.compression_size_percent: -1
2022/03/17-19:37:24.796482 7fad75f8bc80 Options.compaction_options_universal.stop_style: kCompactionStopStyleTotalSize
2022/03/17-19:37:24.796483 7fad75f8bc80 Options.compaction_options_fifo.max_table_files_size: 1073741824
2022/03/17-19:37:24.796483 7fad75f8bc80 Options.compaction_options_fifo.allow_compaction: 0
2022/03/17-19:37:24.796489 7fad75f8bc80                   Options.table_properties_collectors: 
2022/03/17-19:37:24.796490 7fad75f8bc80                   Options.inplace_update_support: 0
2022/03/17-19:37:24.796491 7fad75f8bc80                 Options.inplace_update_num_locks: 10000
2022/03/17-19:37:24.796492 7fad75f8bc80               Options.memtable_prefix_bloom_size_ratio: 0.000000
2022/03/17-19:37:24.796493 7fad75f8bc80               Options.memtable_whole_key_filtering: 0
2022/03/17-19:37:24.796494 7fad75f8bc80   Options.memtable_huge_page_size: 0
2022/03/17-19:37:24.796495 7fad75f8bc80                           Options.bloom_locality: 0
2022/03/17-19:37:24.796496 7fad75f8bc80                    Options.max_successive_merges: 0
2022/03/17-19:37:24.796497 7fad75f8bc80                Options.optimize_filters_for_hits: 0
2022/03/17-19:37:24.796497 7fad75f8bc80                Options.paranoid_file_checks: 0
2022/03/17-19:37:24.796498 7fad75f8bc80                Options.force_consistency_checks: 1
2022/03/17-19:37:24.796499 7fad75f8bc80                Options.report_bg_io_stats: 0
2022/03/17-19:37:24.796500 7fad75f8bc80                               Options.ttl: 2592000
2022/03/17-19:37:24.796501 7fad75f8bc80          Options.periodic_compaction_seconds: 0
2022/03/17-19:37:24.796501 7fad75f8bc80                    Options.enable_blob_files: false
2022/03/17-19:37:24.796502 7fad75f8bc80                        Options.min_blob_size: 0
2022/03/17-19:37:24.796503 7fad75f8bc80                       Options.blob_file_size: 268435456
2022/03/17-19:37:24.796504 7fad75f8bc80                Options.blob_compression_type: NoCompression
2022/03/17-19:37:24.796505 7fad75f8bc80       Options.enable_blob_garbage_collection: false
2022/03/17-19:37:24.796506 7fad75f8bc80   Options.blob_garbage_collection_age_cutoff: 0.250000
2022/03/17-19:37:24.797441 7fad75f8bc80 [db/column_family.cc:595] --------------- Options for column family [RB]:
2022/03/17-19:37:24.797449 7fad75f8bc80               Options.comparator: leveldb.BytewiseComparator
2022/03/17-19:37:24.797450 7fad75f8bc80           Options.merge_operator: None
2022/03/17-19:37:24.797452 7fad75f8bc80        Options.compaction_filter: filter_outdated
2022/03/17-19:37:24.797453 7fad75f8bc80        Options.compaction_filter_factory: None
2022/03/17-19:37:24.797454 7fad75f8bc80  Options.sst_partitioner_factory: None
2022/03/17-19:37:24.797455 7fad75f8bc80         Options.memtable_factory: SkipListFactory
2022/03/17-19:37:24.797456 7fad75f8bc80            Options.table_factory: BlockBasedTable
2022/03/17-19:37:24.797486 7fad75f8bc80            table_factory options:   flush_block_policy_factory: FlushBlockBySizePolicyFactory (0x55ca28d47480)
  cache_index_and_filter_blocks: 0
  cache_index_and_filter_blocks_with_high_priority: 1
  pin_l0_filter_and_index_blocks_in_cache: 0
  pin_top_level_index_and_filter: 1
  index_type: 0
  data_block_index_type: 0
  index_shortening: 1
  data_block_hash_table_util_ratio: 0.750000
  hash_index_allow_collision: 1
  checksum: 1
  no_block_cache: 0
  block_cache: 0x55ca28d474d0
  block_cache_name: LRUCache
  block_cache_options:
    capacity : 8388608
    num_shard_bits : 4
    strict_capacity_limit : 0
    memory_allocator : None
    high_pri_pool_ratio: 0.000
  block_cache_compressed: (nil)
  persistent_cache: (nil)
  block_size: 4096
  block_size_deviation: 10
  block_restart_interval: 16
  index_block_restart_interval: 1
  metadata_block_size: 4096
  partition_filters: 0
  use_delta_encoding: 1
  filter_policy: nullptr
  whole_key_filtering: 1
  verify_compression: 0
  read_amp_bytes_per_bit: 0
  format_version: 4
  enable_index_compression: 1
  block_align: 0
2022/03/17-19:37:24.797500 7fad75f8bc80        Options.write_buffer_size: 67108864
2022/03/17-19:37:24.797522 7fad75f8bc80  Options.max_write_buffer_number: 2
2022/03/17-19:37:24.797524 7fad75f8bc80          Options.compression: NoCompression
2022/03/17-19:37:24.797525 7fad75f8bc80                  Options.bottommost_compression: Disabled
2022/03/17-19:37:24.797525 7fad75f8bc80       Options.prefix_extractor: nullptr
2022/03/17-19:37:24.797526 7fad75f8bc80   Options.memtable_insert_with_hint_prefix_extractor: nullptr
2022/03/17-19:37:24.797527 7fad75f8bc80             Options.num_levels: 7
2022/03/17-19:37:24.797528 7fad75f8bc80        Options.min_write_buffer_number_to_merge: 1
2022/03/17-19:37:24.797529 7fad75f8bc80     Options.max_write_buffer_number_to_maintain: 0
2022/03/17-19:37:24.797530 7fad75f8bc80     Options.max_write_buffer_size_to_maintain: 0
2022/03/17-19:37:24.797530 7fad75f8bc80            Options.bottommost_compression_opts.window_bits: -14
2022/03/17-19:37:24.797531 7fad75f8bc80                  Options.bottommost_compression_opts.level: 32767
2022/03/17-19:37:24.797532 7fad75f8bc80               Options.bottommost_compression_opts.strategy: 0
2022/03/17-19:37:24.797533 7fad75f8bc80         Options.bottommost_compression_opts.max_dict_bytes: 0
2022/03/17-19:37:24.797534 7fad75f8bc80         Options.bottommost_compression_opts.zstd_max_train_bytes: 0
2022/03/17-19:37:24.797535 7fad75f8bc80         Options.bottommost_compression_opts.parallel_threads: 1
2022/03/17-19:37:24.797535 7fad75f8bc80                  Options.bottommost_compression_opts.enabled: false
2022/03/17-19:37:24.797536 7fad75f8bc80            Options.compression_opts.window_bits: -14
2022/03/17-19:37:24.797537 7fad75f8bc80                  Options.compression_opts.level: 32767
2022/03/17-19:37:24.797538 7fad75f8bc80               Options.compression_opts.strategy: 0
2022/03/17-19:37:24.797539 7fad75f8bc80         Options.compression_opts.max_dict_bytes: 0
2022/03/17-19:37:24.797540 7fad75f8bc80         Options.compression_opts.zstd_max_train_bytes: 0
2022/03/17-19:37:24.797540 7fad75f8bc80         Options.compression_opts.parallel_threads: 1
2022/03/17-19:37:24.797541 7fad75f8bc80                  Options.compression_opts.enabled: false
2022/03/17-19:37:24.797542 7fad75f8bc80      Options.level0_file_num_compaction_trigger: 4
2022/03/17-19:37:24.797543 7fad75f8bc80          Options.level0_slowdown_writes_trigger: 20
2022/03/17-19:37:24.797544 7fad75f8bc80              Options.level0_stop_writes_trigger: 36
2022/03/17-19:37:24.797544 7fad75f8bc80                   Options.target_file_size_base: 67108864
2022/03/17-19:37:24.797545 7fad75f8bc80             Options.target_file_size_multiplier: 1
2022/03/17-19:37:24.797546 7fad75f8bc80                Options.max_bytes_for_level_base: 268435456
2022/03/17-19:37:24.797547 7fad75f8bc80 Options.level_compaction_dynamic_level_bytes: 0
2022/03/17-19:37:24.797548 7fad75f8bc80          Options.max_bytes_for_level_multiplier: 10.000000
2022/03/17-19:37:24.797550 7fad75f8bc80 Options.max_bytes_for_level_multiplier_addtl[0]: 1
2022/03/17-19:37:24.797551 7fad75f8bc80 Options.max_bytes_for_level_multiplier_addtl[1]: 1
2022/03/17-19:37:24.797552 7fad75f8bc80 Options.max_bytes_for_level_multiplier_addtl[2]: 1
2022/03/17-19:37:24.797553 7fad75f8bc80 Options.max_bytes_for_level_multiplier_addtl[3]: 1
2022/03/17-19:37:24.797553 7fad75f8bc80 Options.max_bytes_for_level_multiplier_addtl[4]: 1
2022/03/17-19:37:24.797554 7fad75f8bc80 Options.max_bytes_for_level_multiplier_addtl[5]: 1
2022/03/17-19:37:24.797555 7fad75f8bc80 Options.max_bytes_for_level_multiplier_addtl[6]: 1
2022/03/17-19:37:24.797556 7fad75f8bc80       Options.max_sequential_skip_in_iterations: 8
2022/03/17-19:37:24.797557 7fad75f8bc80                    Options.max_compaction_bytes: 1677721600
2022/03/17-19:37:24.797558 7fad75f8bc80                        Options.arena_block_size: 8388608
2022/03/17-19:37:24.797558 7fad75f8bc80   Options.soft_pending_compaction_bytes_limit: 68719476736
2022/03/17-19:37:24.797559 7fad75f8bc80   Options.hard_pending_compaction_bytes_limit: 274877906944
2022/03/17-19:37:24.797560 7fad75f8bc80       Options.rate_limit_delay_max_milliseconds: 100
2022/03/17-19:37:24.797568 7fad75f8bc80                Options.disable_auto_compactions: 1
2022/03/17-19:37:24.797570 7fad75f8bc80                        Options.compaction_style: kCompactionStyleLevel
2022/03/17-19:37:24.797572 7fad75f8bc80                          Options.compaction_pri: kMinOverlappingRatio
2022/03/17-19:37:24.797572 7fad75f8bc80 Options.compaction_options_universal.size_ratio: 1
2022/03/17-19:37:24.797573 7fad75f8bc80 Options.compaction_options_universal.min_merge_width: 2
2022/03/17-19:37:24.797574 7fad75f8bc80 Options.compaction_options_universal.max_merge_width: 4294967295
2022/03/17-19:37:24.797575 7fad75f8bc80 Options.compaction_options_universal.max_size_amplification_percent: 200
2022/03/17-19:37:24.797576 7fad75f8bc80 Options.compaction_options_universal.compression_size_percent: -1
2022/03/17-19:37:24.797577 7fad75f8bc80 Options.compaction_options_universal.stop_style: kCompactionStopStyleTotalSize
2022/03/17-19:37:24.797578 7fad75f8bc80 Options.compaction_options_fifo.max_table_files_size: 1073741824
2022/03/17-19:37:24.797578 7fad75f8bc80 Options.compaction_options_fifo.allow_compaction: 0
2022/03/17-19:37:24.797584 7fad75f8bc80                   Options.table_properties_collectors: 
2022/03/17-19:37:24.797585 7fad75f8bc80                   Options.inplace_update_support: 0
2022/03/17-19:37:24.797586 7fad75f8bc80                 Options.inplace_update_num_locks: 10000
2022/03/17-19:37:24.797587 7fad75f8bc80               Options.memtable_prefix_bloom_size_ratio: 0.000000
2022/03/17-19:37:24.797588 7fad75f8bc80               Options.memtable_whole_key_filtering: 0
2022/03/17-19:37:24.797589 7fad75f8bc80   Options.memtable_huge_page_size: 0
2022/03/17-19:37:24.797589 7fad75f8bc80                           Options.bloom_locality: 0
2022/03/17-19:37:24.797590 7fad75f8bc80                    Options.max_successive_merges: 0
2022/03/17-19:37:24.797591 7fad75f8bc80                Options.optimize_filters_for_hits: 0
2022/03/17-19:37:24.797592 7fad75f8bc80                Options.paranoid_file_checks: 0
2022/03/17-19:37:24.797593 7fad75f8bc80                Options.force_consistency_checks: 1
2022/03/17-19:37:24.797593 7fad75f8bc80                Options.report_bg_io_stats: 0
2022/03/17-19:37:24.797594 7fad75f8bc80                               Options.ttl: 2592000
2022/03/17-19:37:24.797595 7fad75f8bc80          Options.periodic_compaction_seconds: 2592000
2022/03/17-19:37:24.797596 7fad75f8bc80                    Options.enable_blob_files: false
2022/03/17-19:37:24.797597 7fad75f8bc80                        Options.min_blob_size: 0
2022/03/17-19:37:24.797598 7fad75f8bc80                       Options.blob_file_size: 268435456
2022/03/17-19:37:24.797598 7fad75f8bc80                Options.blob_compression_type: NoCompression
2022/03/17-19:37:24.797599 7fad75f8bc80       Options.enable_blob_garbage_collection: false
2022/03/17-19:37:24.797600 7fad75f8bc80   Options.blob_garbage_collection_age_cutoff: 0.250000
2022/03/17-19:37:24.797647 7fad75f8bc80 [db/column_family.cc:595] --------------- Options for column family [FZ]:
2022/03/17-19:37:24.797649 7fad75f8bc80               Options.comparator: leveldb.BytewiseComparator
2022/03/17-19:37:24.797650 7fad75f8bc80           Options.merge_operator: None
2022/03/17-19:37:24.797651 7fad75f8bc80        Options.compaction_filter: filter_outdated
2022/03/17-19:37:24.797652 7fad75f8bc80        Options.compaction_filter_factory: None
2022/03/17-19:37:24.797653 7fad75f8bc80  Options.sst_partitioner_factory: None
2022/03/17-19:37:24.797653 7fad75f8bc80         Options.memtable_factory: SkipListFactory
2022/03/17-19:37:24.797654 7fad75f8bc80            Options.table_factory: BlockBasedTable
2022/03/17-19:37:24.797671 7fad75f8bc80            table_factory options:   flush_block_policy_factory: FlushBlockBySizePolicyFactory (0x55ca28d496c0)
  cache_index_and_filter_blocks: 0
  cache_index_and_filter_blocks_with_high_priority: 1
  pin_l0_filter_and_index_blocks_in_cache: 0
  pin_top_level_index_and_filter: 1
  index_type: 0
  data_block_index_type: 0
  index_shortening: 1
  data_block_hash_table_util_ratio: 0.750000
  hash_index_allow_collision: 1
  checksum: 1
  no_block_cache: 0
  block_cache: 0x55ca28d49710
  block_cache_name: LRUCache
  block_cache_options:
    capacity : 8388608
    num_shard_bits : 4
    strict_capacity_limit : 0
    memory_allocator : None
    high_pri_pool_ratio: 0.000
  block_cache_compressed: (nil)
  persistent_cache: (nil)
  block_size: 4096
  block_size_deviation: 10
  block_restart_interval: 16
  index_block_restart_interval: 1
  metadata_block_size: 4096
  partition_filters: 0
  use_delta_encoding: 1
  filter_policy: nullptr
  whole_key_filtering: 1
  verify_compression: 0
  read_amp_bytes_per_bit: 0
  format_version: 4
  enable_index_compression: 1
  block_align: 0
2022/03/17-19:37:24.797683 7fad75f8bc80        Options.write_buffer_size: 67108864
2022/03/17-19:37:24.797684 7fad75f8bc80  Options.max_write_buffer_number: 2
2022/03/17-19:37:24.797685 7fad75f8bc80          Options.compression: NoCompression
2022/03/17-19:37:24.797685 7fad75f8bc80                  Options.bottommost_compression: Disabled
2022/03/17-19:37:24.797686 7fad75f8bc80       Options.prefix_extractor: nullptr
2022/03/17-19:37:24.797687 7fad75f8bc80   Options.memtable_insert_with_hint_prefix_extractor: nullptr
2022/03/17-19:37:24.797688 7fad75f8bc80             Options.num_levels: 7
2022/03/17-19:37:24.797689 7fad75f8bc80        Options.min_write_buffer_number_to_merge: 1
2022/03/17-19:37:24.797690 7fad75f8bc80     Options.max_write_buffer_number_to_maintain: 0
2022/03/17-19:37:24.797690 7fad75f8bc80     Options.max_write_buffer_size_to_maintain: 0
2022/03/17-19:37:24.797691 7fad75f8bc80            Options.bottommost_compression_opts.window_bits: -14
2022/03/17-19:37:24.797692 7fad75f8bc80                  Options.bottommost_compression_opts.level: 32767
2022/03/17-19:37:24.797693 7fad75f8bc80               Options.bottommost_compression_opts.strategy: 0
2022/03/17-19:37:24.797694 7fad75f8bc80         Options.bottommost_compression_opts.max_dict_bytes: 0
2022/03/17-19:37:24.797694 7fad75f8bc80         Options.bottommost_compression_opts.zstd_max_train_bytes: 0
2022/03/17-19:37:24.797695 7fad75f8bc80         Options.bottommost_compression_opts.parallel_threads: 1
2022/03/17-19:37:24.797696 7fad75f8bc80                  Options.bottommost_compression_opts.enabled: false
2022/03/17-19:37:24.797697 7fad75f8bc80            Options.compression_opts.window_bits: -14
2022/03/17-19:37:24.797698 7fad75f8bc80                  Options.compression_opts.level: 32767
2022/03/17-19:37:24.797698 7fad75f8bc80               Options.compression_opts.strategy: 0
2022/03/17-19:37:24.797699 7fad75f8bc80         Options.compression_opts.max_dict_bytes: 0
2022/03/17-19:37:24.797700 7fad75f8bc80         Options.compression_opts.zstd_max_train_bytes: 0
2022/03/17-19:37:24.797701 7fad75f8bc80         Options.compression_opts.parallel_threads: 1
2022/03/17-19:37:24.797702 7fad75f8bc80                  Options.compression_opts.enabled: false
2022/03/17-19:37:24.797702 7fad75f8bc80      Options.level0_file_num_compaction_trigger: 4
2022/03/17-19:37:24.797703 7fad75f8bc80          Options.level0_slowdown_writes_trigger: 20
2022/03/17-19:37:24.797704 7fad75f8bc80              Options.level0_stop_writes_trigger: 36
2022/03/17-19:37:24.797705 7fad75f8bc80                   Options.target_file_size_base: 67108864
2022/03/17-19:37:24.797706 7fad75f8bc80             Options.target_file_size_multiplier: 1
2022/03/17-19:37:24.797708 7fad75f8bc80                Options.max_bytes_for_level_base: 268435456
2022/03/17-19:37:24.797709 7fad75f8bc80 Options.level_compaction_dynamic_level_bytes: 0
2022/03/17-19:37:24.797711 7fad75f8bc80          Options.max_bytes_for_level_multiplier: 10.000000
2022/03/17-19:37:24.797734 7fad75f8bc80 Options.max_bytes_for_level_multiplier_addtl[0]: 1
2022/03/17-19:37:24.797737 7fad75f8bc80 Options.max_bytes_for_level_multiplier_addtl[1]: 1
2022/03/17-19:37:24.797739 7fad75f8bc80 Options.max_bytes_for_level_multiplier_addtl[2]: 1
2022/03/17-19:37:24.797740 7fad75f8bc80 Options.max_bytes_for_level_multiplier_addtl[3]: 1
2022/03/17-19:37:24.797759 7fad75f8bc80 Options.max_bytes_for_level_multiplier_addtl[4]: 1
2022/03/17-19:37:24.797760 7fad75f8bc80 Options.max_bytes_for_level_multiplier_addtl[5]: 1
2022/03/17-19:37:24.797761 7fad75f8bc80 Options.max_bytes_for_level_multiplier_addtl[6]: 1
2022/03/17-19:37:24.797762 7fad75f8bc80       Options.max_sequential_skip_in_iterations: 8
2022/03/17-19:37:24.797762 7fad75f8bc80                    Options.max_compaction_bytes: 1677721600
2022/03/17-19:37:24.797763 7fad75f8bc80                        Options.arena_block_size: 8388608
2022/03/17-19:37:24.797764 7fad75f8bc80   Options.soft_pending_compaction_bytes_limit: 68719476736
2022/03/17-19:37:24.797765 7fad75f8bc80   Options.hard_pending_compaction_bytes_limit: 274877906944
2022/03/17-19:37:24.797766 7fad75f8bc80       Options.rate_limit_delay_max_milliseconds: 100
2022/03/17-19:37:24.797767 7fad75f8bc80                Options.disable_auto_compactions: 1
2022/03/17-19:37:24.797768 7fad75f8bc80                        Options.compaction_style: kCompactionStyleLevel
2022/03/17-19:37:24.797769 7fad75f8bc80                          Options.compaction_pri: kMinOverlappingRatio
2022/03/17-19:37:24.797770 7fad75f8bc80 Options.compaction_options_universal.size_ratio: 1
2022/03/17-19:37:24.797771 7fad75f8bc80 Options.compaction_options_universal.min_merge_width: 2
2022/03/17-19:37:24.797772 7fad75f8bc80 Options.compaction_options_universal.max_merge_width: 4294967295
2022/03/17-19:37:24.797772 7fad75f8bc80 Options.compaction_options_universal.max_size_amplification_percent: 200
2022/03/17-19:37:24.797773 7fad75f8bc80 Options.compaction_options_universal.compression_size_percent: -1
2022/03/17-19:37:24.797774 7fad75f8bc80 Options.compaction_options_universal.stop_style: kCompactionStopStyleTotalSize
2022/03/17-19:37:24.797775 7fad75f8bc80 Options.compaction_options_fifo.max_table_files_size: 1073741824
2022/03/17-19:37:24.797776 7fad75f8bc80 Options.compaction_options_fifo.allow_compaction: 0
2022/03/17-19:37:24.797778 7fad75f8bc80                   Options.table_properties_collectors: 
2022/03/17-19:37:24.797779 7fad75f8bc80                   Options.inplace_update_support: 0
2022/03/17-19:37:24.797780 7fad75f8bc80                 Options.inplace_update_num_locks: 10000
2022/03/17-19:37:24.797781 7fad75f8bc80               Options.memtable_prefix_bloom_size_ratio: 0.000000
2022/03/17-19:37:24.797782 7fad75f8bc80               Options.memtable_whole_key_filtering: 0
2022/03/17-19:37:24.797783 7fad75f8bc80   Options.memtable_huge_page_size: 0
2022/03/17-19:37:24.797784 7fad75f8bc80                           Options.bloom_locality: 0
2022/03/17-19:37:24.797784 7fad75f8bc80                    Options.max_successive_merges: 0
2022/03/17-19:37:24.797785 7fad75f8bc80                Options.optimize_filters_for_hits: 0
2022/03/17-19:37:24.797786 7fad75f8bc80                Options.paranoid_file_checks: 0
2022/03/17-19:37:24.797787 7fad75f8bc80                Options.force_consistency_checks: 1
2022/03/17-19:37:24.797788 7fad75f8bc80                Options.report_bg_io_stats: 0
2022/03/17-19:37:24.797788 7fad75f8bc80                               Options.ttl: 2592000
2022/03/17-19:37:24.797789 7fad75f8bc80          Options.periodic_compaction_seconds: 2592000
2022/03/17-19:37:24.797790 7fad75f8bc80                    Options.enable_blob_files: false
2022/03/17-19:37:24.797791 7fad75f8bc80                        Options.min_blob_size: 0
2022/03/17-19:37:24.797792 7fad75f8bc80                       Options.blob_file_size: 268435456
2022/03/17-19:37:24.797793 7fad75f8bc80                Options.blob_compression_type: NoCompression
2022/03/17-19:37:24.797793 7fad75f8bc80       Options.enable_blob_garbage_collection: false
2022/03/17-19:37:24.797794 7fad75f8bc80   Options.blob_garbage_collection_age_cutoff: 0.250000
2022/03/17-19:37:24.797837 7fad75f8bc80 [db/column_family.cc:595] --------------- Options for column family [NZ]:
2022/03/17-19:37:24.797839 7fad75f8bc80               Options.comparator: leveldb.BytewiseComparator
2022/03/17-19:37:24.797849 7fad75f8bc80           Options.merge_operator: None
2022/03/17-19:37:24.797851 7fad75f8bc80        Options.compaction_filter: filter_outdated
2022/03/17-19:37:24.797852 7fad75f8bc80        Options.compaction_filter_factory: None
2022/03/17-19:37:24.797852 7fad75f8bc80  Options.sst_partitioner_factory: None
2022/03/17-19:37:24.797853 7fad75f8bc80         Options.memtable_factory: SkipListFactory
2022/03/17-19:37:24.797854 7fad75f8bc80            Options.table_factory: BlockBasedTable
2022/03/17-19:37:24.797874 7fad75f8bc80            table_factory options:   flush_block_policy_factory: FlushBlockBySizePolicyFactory (0x55ca28d4b900)
  cache_index_and_filter_blocks: 0
  cache_index_and_filter_blocks_with_high_priority: 1
  pin_l0_filter_and_index_blocks_in_cache: 0
  pin_top_level_index_and_filter: 1
  index_type: 0
  data_block_index_type: 0
  index_shortening: 1
  data_block_hash_table_util_ratio: 0.750000
  hash_index_allow_collision: 1
  checksum: 1
  no_block_cache: 0
  block_cache: 0x55ca28d4b950
  block_cache_name: LRUCache
  block_cache_options:
    capacity : 8388608
    num_shard_bits : 4
    strict_capacity_limit : 0
    memory_allocator : None
    high_pri_pool_ratio: 0.000
  block_cache_compressed: (nil)
  persistent_cache: (nil)
  block_size: 4096
  block_size_deviation: 10
  block_restart_interval: 16
  index_block_restart_interval: 1
  metadata_block_size: 4096
  partition_filters: 0
  use_delta_encoding: 1
  filter_policy: nullptr
  whole_key_filtering: 1
  verify_compression: 0
  read_amp_bytes_per_bit: 0
  format_version: 4
  enable_index_compression: 1
  block_align: 0
2022/03/17-19:37:24.797883 7fad75f8bc80        Options.write_buffer_size: 67108864
2022/03/17-19:37:24.797884 7fad75f8bc80  Options.max_write_buffer_number: 2
2022/03/17-19:37:24.797885 7fad75f8bc80          Options.compression: NoCompression
2022/03/17-19:37:24.797885 7fad75f8bc80                  Options.bottommost_compression: Disabled
2022/03/17-19:37:24.797886 7fad75f8bc80       Options.prefix_extractor: nullptr
2022/03/17-19:37:24.797887 7fad75f8bc80   Options.memtable_insert_with_hint_prefix_extractor: nullptr
2022/03/17-19:37:24.797888 7fad75f8bc80             Options.num_levels: 7
2022/03/17-19:37:24.797889 7fad75f8bc80        Options.min_write_buffer_number_to_merge: 1
2022/03/17-19:37:24.797889 7fad75f8bc80     Options.max_write_buffer_number_to_maintain: 0
2022/03/17-19:37:24.797890 7fad75f8bc80     Options.max_write_buffer_size_to_maintain: 0
2022/03/17-19:37:24.797891 7fad75f8bc80            Options.bottommost_compression_opts.window_bits: -14
2022/03/17-19:37:24.797892 7fad75f8bc80                  Options.bottommost_compression_opts.level: 32767
2022/03/17-19:37:24.797893 7fad75f8bc80               Options.bottommost_compression_opts.strategy: 0
2022/03/17-19:37:24.797893 7fad75f8bc80         Options.bottommost_compression_opts.max_dict_bytes: 0
2022/03/17-19:37:24.797894 7fad75f8bc80         Options.bottommost_compression_opts.zstd_max_train_bytes: 0
