2022/03/17-19:37:24.900655 7fad75f8bc80 RocksDB version: 6.17.0
2022/03/17-19:37:24.900711 7fad75f8bc80 Git sha 0
2022/03/17-19:37:24.901077 7fad75f8bc80 DB SUMMARY
2022/03/17-19:37:24.901082 7fad75f8bc80 DB Session ID:  K8OWMDVII7CVDI5884O0
2022/03/17-19:37:24.901127 7fad75f8bc80 CURRENT file:  CURRENT
2022/03/17-19:37:24.901128 7fad75f8bc80 IDENTITY file:  IDENTITY
2022/03/17-19:37:24.901133 7fad75f8bc80 MANIFEST file:  MANIFEST-000020 size: 1078 Bytes
2022/03/17-19:37:24.901135 7fad75f8bc80 SST files in /home/lightfury2/Documents/work/blockchain/ICP/Static_website_ICP/.dfx/state/replicated_state/node-100/ic_consensus_pool/certification dir, Total Num: 2, files: 000024.sst 000025.sst 
2022/03/17-19:37:24.901137 7fad75f8bc80 Write Ahead Log file in /home/lightfury2/Documents/work/blockchain/ICP/Static_website_ICP/.dfx/state/replicated_state/node-100/ic_consensus_pool/certification: 000021.log size: 29820 ; 
2022/03/17-19:37:24.901138 7fad75f8bc80                         Options.error_if_exists: 0
2022/03/17-19:37:24.901140 7fad75f8bc80                       Options.create_if_missing: 1
2022/03/17-19:37:24.901140 7fad75f8bc80                         Options.paranoid_checks: 1
2022/03/17-19:37:24.901141 7fad75f8bc80                               Options.track_and_verify_wals_in_manifest: 0
2022/03/17-19:37:24.901142 7fad75f8bc80                                     Options.env: 0x55c9f0ecc2e0
2022/03/17-19:37:24.901143 7fad75f8bc80                                      Options.fs: Posix File System
2022/03/17-19:37:24.901144 7fad75f8bc80                                Options.info_log: 0x55ca28d493f0
2022/03/17-19:37:24.901145 7fad75f8bc80                Options.max_file_opening_threads: 16
2022/03/17-19:37:24.901146 7fad75f8bc80                              Options.statistics: (nil)
2022/03/17-19:37:24.901147 7fad75f8bc80                               Options.use_fsync: 1
2022/03/17-19:37:24.901148 7fad75f8bc80                       Options.max_log_file_size: 0
2022/03/17-19:37:24.901149 7fad75f8bc80                  Options.max_manifest_file_size: 1073741824
2022/03/17-19:37:24.901150 7fad75f8bc80                   Options.log_file_time_to_roll: 0
2022/03/17-19:37:24.901151 7fad75f8bc80                       Options.keep_log_file_num: 1000
2022/03/17-19:37:24.901152 7fad75f8bc80                    Options.recycle_log_file_num: 0
2022/03/17-19:37:24.901153 7fad75f8bc80                         Options.allow_fallocate: 1
2022/03/17-19:37:24.901153 7fad75f8bc80                        Options.allow_mmap_reads: 0
2022/03/17-19:37:24.901154 7fad75f8bc80                       Options.allow_mmap_writes: 0
2022/03/17-19:37:24.901155 7fad75f8bc80                        Options.use_direct_reads: 0
2022/03/17-19:37:24.901156 7fad75f8bc80                        Options.use_direct_io_for_flush_and_compaction: 0
2022/03/17-19:37:24.901157 7fad75f8bc80          Options.create_missing_column_families: 1
2022/03/17-19:37:24.901157 7fad75f8bc80                              Options.db_log_dir: 
2022/03/17-19:37:24.901158 7fad75f8bc80                                 Options.wal_dir: /home/lightfury2/Documents/work/blockchain/ICP/Static_website_ICP/.dfx/state/replicated_state/node-100/ic_consensus_pool/certification
2022/03/17-19:37:24.901159 7fad75f8bc80                Options.table_cache_numshardbits: 6
2022/03/17-19:37:24.901160 7fad75f8bc80                         Options.WAL_ttl_seconds: 0
2022/03/17-19:37:24.901161 7fad75f8bc80                       Options.WAL_size_limit_MB: 0
2022/03/17-19:37:24.901162 7fad75f8bc80                        Options.max_write_batch_group_size_bytes: 1048576
2022/03/17-19:37:24.901164 7fad75f8bc80             Options.manifest_preallocation_size: 4194304
2022/03/17-19:37:24.901165 7fad75f8bc80                     Options.is_fd_close_on_exec: 1
2022/03/17-19:37:24.901165 7fad75f8bc80                   Options.advise_random_on_open: 1
2022/03/17-19:37:24.901166 7fad75f8bc80                    Options.db_write_buffer_size: 0
2022/03/17-19:37:24.901167 7fad75f8bc80                    Options.write_buffer_manager: 0x55ca28e19580
2022/03/17-19:37:24.901168 7fad75f8bc80         Options.access_hint_on_compaction_start: 1
2022/03/17-19:37:24.901191 7fad75f8bc80  Options.new_table_reader_for_compaction_inputs: 0
2022/03/17-19:37:24.901192 7fad75f8bc80           Options.random_access_max_buffer_size: 1048576
2022/03/17-19:37:24.901193 7fad75f8bc80                      Options.use_adaptive_mutex: 0
2022/03/17-19:37:24.901194 7fad75f8bc80                            Options.rate_limiter: (nil)
2022/03/17-19:37:24.901196 7fad75f8bc80     Options.sst_file_manager.rate_bytes_per_sec: 0
2022/03/17-19:37:24.901197 7fad75f8bc80                       Options.wal_recovery_mode: 2
2022/03/17-19:37:24.901197 7fad75f8bc80                  Options.enable_thread_tracking: 0
2022/03/17-19:37:24.901198 7fad75f8bc80                  Options.enable_pipelined_write: 0
2022/03/17-19:37:24.901199 7fad75f8bc80                  Options.unordered_write: 0
2022/03/17-19:37:24.901200 7fad75f8bc80         Options.allow_concurrent_memtable_write: 1
2022/03/17-19:37:24.901201 7fad75f8bc80      Options.enable_write_thread_adaptive_yield: 1
2022/03/17-19:37:24.901202 7fad75f8bc80             Options.write_thread_max_yield_usec: 100
2022/03/17-19:37:24.901203 7fad75f8bc80            Options.write_thread_slow_yield_usec: 3
2022/03/17-19:37:24.901203 7fad75f8bc80                               Options.row_cache: None
2022/03/17-19:37:24.901204 7fad75f8bc80                              Options.wal_filter: None
2022/03/17-19:37:24.901206 7fad75f8bc80             Options.avoid_flush_during_recovery: 0
2022/03/17-19:37:24.901206 7fad75f8bc80             Options.allow_ingest_behind: 0
2022/03/17-19:37:24.901207 7fad75f8bc80             Options.preserve_deletes: 0
2022/03/17-19:37:24.901208 7fad75f8bc80             Options.two_write_queues: 0
2022/03/17-19:37:24.901209 7fad75f8bc80             Options.manual_wal_flush: 0
2022/03/17-19:37:24.901210 7fad75f8bc80             Options.atomic_flush: 0
2022/03/17-19:37:24.901210 7fad75f8bc80             Options.avoid_unnecessary_blocking_io: 0
2022/03/17-19:37:24.901211 7fad75f8bc80                 Options.persist_stats_to_disk: 0
2022/03/17-19:37:24.901212 7fad75f8bc80                 Options.write_dbid_to_manifest: 0
2022/03/17-19:37:24.901213 7fad75f8bc80                 Options.log_readahead_size: 0
2022/03/17-19:37:24.901214 7fad75f8bc80                 Options.file_checksum_gen_factory: Unknown
2022/03/17-19:37:24.901215 7fad75f8bc80                 Options.best_efforts_recovery: 0
2022/03/17-19:37:24.901215 7fad75f8bc80                Options.max_bgerror_resume_count: 2147483647
2022/03/17-19:37:24.901216 7fad75f8bc80            Options.bgerror_resume_retry_interval: 1000000
2022/03/17-19:37:24.901217 7fad75f8bc80             Options.allow_data_in_errors: 0
2022/03/17-19:37:24.901218 7fad75f8bc80             Options.db_host_id: __hostname__
2022/03/17-19:37:24.901219 7fad75f8bc80             Options.max_background_jobs: 2
2022/03/17-19:37:24.901220 7fad75f8bc80             Options.max_background_compactions: -1
2022/03/17-19:37:24.901221 7fad75f8bc80             Options.max_subcompactions: 1
2022/03/17-19:37:24.901221 7fad75f8bc80             Options.avoid_flush_during_shutdown: 0
2022/03/17-19:37:24.901222 7fad75f8bc80           Options.writable_file_max_buffer_size: 1048576
2022/03/17-19:37:24.901223 7fad75f8bc80             Options.delayed_write_rate : 16777216
2022/03/17-19:37:24.901224 7fad75f8bc80             Options.max_total_wal_size: 0
2022/03/17-19:37:24.901225 7fad75f8bc80             Options.delete_obsolete_files_period_micros: 21600000000
2022/03/17-19:37:24.901226 7fad75f8bc80                   Options.stats_dump_period_sec: 600
2022/03/17-19:37:24.901226 7fad75f8bc80                 Options.stats_persist_period_sec: 600
2022/03/17-19:37:24.901227 7fad75f8bc80                 Options.stats_history_buffer_size: 1048576
2022/03/17-19:37:24.901228 7fad75f8bc80                          Options.max_open_files: -1
2022/03/17-19:37:24.901229 7fad75f8bc80                          Options.bytes_per_sync: 0
2022/03/17-19:37:24.901230 7fad75f8bc80                      Options.wal_bytes_per_sync: 0
2022/03/17-19:37:24.901239 7fad75f8bc80                   Options.strict_bytes_per_sync: 0
2022/03/17-19:37:24.901240 7fad75f8bc80       Options.compaction_readahead_size: 0
2022/03/17-19:37:24.901241 7fad75f8bc80                  Options.max_background_flushes: -1
2022/03/17-19:37:24.901242 7fad75f8bc80 Compression algorithms supported:
2022/03/17-19:37:24.901243 7fad75f8bc80 	kZSTDNotFinalCompression supported: 1
2022/03/17-19:37:24.901244 7fad75f8bc80 	kZSTD supported: 1
2022/03/17-19:37:24.901245 7fad75f8bc80 	kXpressCompression supported: 0
2022/03/17-19:37:24.901246 7fad75f8bc80 	kLZ4HCCompression supported: 1
2022/03/17-19:37:24.901247 7fad75f8bc80 	kLZ4Compression supported: 1
2022/03/17-19:37:24.901248 7fad75f8bc80 	kBZip2Compression supported: 1
2022/03/17-19:37:24.901249 7fad75f8bc80 	kZlibCompression supported: 1
2022/03/17-19:37:24.901250 7fad75f8bc80 	kSnappyCompression supported: 1
2022/03/17-19:37:24.901254 7fad75f8bc80 Fast CRC32 supported: Supported on x86
2022/03/17-19:37:24.902227 7fad75f8bc80 [db/version_set.cc:4758] Recovering from manifest file: /home/lightfury2/Documents/work/blockchain/ICP/Static_website_ICP/.dfx/state/replicated_state/node-100/ic_consensus_pool/certification/MANIFEST-000020
2022/03/17-19:37:24.903042 7fad75f8bc80 [db/column_family.cc:595] --------------- Options for column family [default]:
2022/03/17-19:37:24.903090 7fad75f8bc80               Options.comparator: leveldb.BytewiseComparator
2022/03/17-19:37:24.903092 7fad75f8bc80           Options.merge_operator: None
2022/03/17-19:37:24.903094 7fad75f8bc80        Options.compaction_filter: None
2022/03/17-19:37:24.903095 7fad75f8bc80        Options.compaction_filter_factory: None
2022/03/17-19:37:24.903097 7fad75f8bc80  Options.sst_partitioner_factory: None
2022/03/17-19:37:24.903098 7fad75f8bc80         Options.memtable_factory: SkipListFactory
2022/03/17-19:37:24.903100 7fad75f8bc80            Options.table_factory: BlockBasedTable
2022/03/17-19:37:24.903319 7fad75f8bc80            table_factory options:   flush_block_policy_factory: FlushBlockBySizePolicyFactory (0x55ca28e12c00)
  cache_index_and_filter_blocks: 0
  cache_index_and_filter_blocks_with_high_priority: 1
  pin_l0_filter_and_index_blocks_in_cache: 0
  pin_top_level_index_and_filter: 1
  index_type: 0
  data_block_index_type: 0
  index_shortening: 1
  data_block_hash_table_util_ratio: 0.750000
  hash_index_allow_collision: 1
  checksum: 1
  no_block_cache: 0
  block_cache: 0x55ca28d4d760
  block_cache_name: LRUCache
  block_cache_options:
    capacity : 8388608
    num_shard_bits : 4
    strict_capacity_limit : 0
    memory_allocator : None
    high_pri_pool_ratio: 0.000
  block_cache_compressed: (nil)
  persistent_cache: (nil)
  block_size: 4096
  block_size_deviation: 10
  block_restart_interval: 16
  index_block_restart_interval: 1
  metadata_block_size: 4096
  partition_filters: 0
  use_delta_encoding: 1
  filter_policy: nullptr
  whole_key_filtering: 1
  verify_compression: 0
  read_amp_bytes_per_bit: 0
  format_version: 4
  enable_index_compression: 1
  block_align: 0
2022/03/17-19:37:24.903324 7fad75f8bc80        Options.write_buffer_size: 67108864
2022/03/17-19:37:24.903325 7fad75f8bc80  Options.max_write_buffer_number: 2
2022/03/17-19:37:24.903415 7fad75f8bc80          Options.compression: Snappy
2022/03/17-19:37:24.903418 7fad75f8bc80                  Options.bottommost_compression: Disabled
2022/03/17-19:37:24.903419 7fad75f8bc80       Options.prefix_extractor: nullptr
2022/03/17-19:37:24.903421 7fad75f8bc80   Options.memtable_insert_with_hint_prefix_extractor: nullptr
2022/03/17-19:37:24.903422 7fad75f8bc80             Options.num_levels: 7
2022/03/17-19:37:24.903476 7fad75f8bc80        Options.min_write_buffer_number_to_merge: 1
2022/03/17-19:37:24.903478 7fad75f8bc80     Options.max_write_buffer_number_to_maintain: 0
2022/03/17-19:37:24.903480 7fad75f8bc80     Options.max_write_buffer_size_to_maintain: 0
2022/03/17-19:37:24.903481 7fad75f8bc80            Options.bottommost_compression_opts.window_bits: -14
2022/03/17-19:37:24.903482 7fad75f8bc80                  Options.bottommost_compression_opts.level: 32767
2022/03/17-19:37:24.903519 7fad75f8bc80               Options.bottommost_compression_opts.strategy: 0
2022/03/17-19:37:24.903522 7fad75f8bc80         Options.bottommost_compression_opts.max_dict_bytes: 0
2022/03/17-19:37:24.903523 7fad75f8bc80         Options.bottommost_compression_opts.zstd_max_train_bytes: 0
2022/03/17-19:37:24.903525 7fad75f8bc80         Options.bottommost_compression_opts.parallel_threads: 1
2022/03/17-19:37:24.903526 7fad75f8bc80                  Options.bottommost_compression_opts.enabled: false
2022/03/17-19:37:24.903528 7fad75f8bc80            Options.compression_opts.window_bits: -14
2022/03/17-19:37:24.903530 7fad75f8bc80                  Options.compression_opts.level: 32767
2022/03/17-19:37:24.903532 7fad75f8bc80               Options.compression_opts.strategy: 0
2022/03/17-19:37:24.903533 7fad75f8bc80         Options.compression_opts.max_dict_bytes: 0
2022/03/17-19:37:24.903535 7fad75f8bc80         Options.compression_opts.zstd_max_train_bytes: 0
2022/03/17-19:37:24.903537 7fad75f8bc80         Options.compression_opts.parallel_threads: 1
2022/03/17-19:37:24.903538 7fad75f8bc80                  Options.compression_opts.enabled: false
2022/03/17-19:37:24.903540 7fad75f8bc80      Options.level0_file_num_compaction_trigger: 4
2022/03/17-19:37:24.903541 7fad75f8bc80          Options.level0_slowdown_writes_trigger: 20
2022/03/17-19:37:24.903543 7fad75f8bc80              Options.level0_stop_writes_trigger: 36
2022/03/17-19:37:24.903544 7fad75f8bc80                   Options.target_file_size_base: 67108864
2022/03/17-19:37:24.903546 7fad75f8bc80             Options.target_file_size_multiplier: 1
2022/03/17-19:37:24.903548 7fad75f8bc80                Options.max_bytes_for_level_base: 268435456
2022/03/17-19:37:24.903549 7fad75f8bc80 Options.level_compaction_dynamic_level_bytes: 0
2022/03/17-19:37:24.903551 7fad75f8bc80          Options.max_bytes_for_level_multiplier: 10.000000
2022/03/17-19:37:24.903555 7fad75f8bc80 Options.max_bytes_for_level_multiplier_addtl[0]: 1
2022/03/17-19:37:24.903557 7fad75f8bc80 Options.max_bytes_for_level_multiplier_addtl[1]: 1
2022/03/17-19:37:24.903559 7fad75f8bc80 Options.max_bytes_for_level_multiplier_addtl[2]: 1
2022/03/17-19:37:24.903561 7fad75f8bc80 Options.max_bytes_for_level_multiplier_addtl[3]: 1
2022/03/17-19:37:24.903562 7fad75f8bc80 Options.max_bytes_for_level_multiplier_addtl[4]: 1
2022/03/17-19:37:24.903564 7fad75f8bc80 Options.max_bytes_for_level_multiplier_addtl[5]: 1
2022/03/17-19:37:24.903566 7fad75f8bc80 Options.max_bytes_for_level_multiplier_addtl[6]: 1
2022/03/17-19:37:24.903568 7fad75f8bc80       Options.max_sequential_skip_in_iterations: 8
2022/03/17-19:37:24.903570 7fad75f8bc80                    Options.max_compaction_bytes: 1677721600
2022/03/17-19:37:24.903571 7fad75f8bc80                        Options.arena_block_size: 8388608
2022/03/17-19:37:24.903573 7fad75f8bc80   Options.soft_pending_compaction_bytes_limit: 68719476736
2022/03/17-19:37:24.903575 7fad75f8bc80   Options.hard_pending_compaction_bytes_limit: 274877906944
2022/03/17-19:37:24.903577 7fad75f8bc80       Options.rate_limit_delay_max_milliseconds: 100
2022/03/17-19:37:24.903578 7fad75f8bc80                Options.disable_auto_compactions: 0
2022/03/17-19:37:24.903582 7fad75f8bc80                        Options.compaction_style: kCompactionStyleLevel
2022/03/17-19:37:24.903585 7fad75f8bc80                          Options.compaction_pri: kMinOverlappingRatio
2022/03/17-19:37:24.903586 7fad75f8bc80 Options.compaction_options_universal.size_ratio: 1
2022/03/17-19:37:24.903588 7fad75f8bc80 Options.compaction_options_universal.min_merge_width: 2
2022/03/17-19:37:24.903590 7fad75f8bc80 Options.compaction_options_universal.max_merge_width: 4294967295
2022/03/17-19:37:24.903591 7fad75f8bc80 Options.compaction_options_universal.max_size_amplification_percent: 200
2022/03/17-19:37:24.903593 7fad75f8bc80 Options.compaction_options_universal.compression_size_percent: -1
2022/03/17-19:37:24.903595 7fad75f8bc80 Options.compaction_options_universal.stop_style: kCompactionStopStyleTotalSize
2022/03/17-19:37:24.903611 7fad75f8bc80 Options.compaction_options_fifo.max_table_files_size: 1073741824
2022/03/17-19:37:24.903613 7fad75f8bc80 Options.compaction_options_fifo.allow_compaction: 0
2022/03/17-19:37:24.903622 7fad75f8bc80                   Options.table_properties_collectors: 
2022/03/17-19:37:24.903624 7fad75f8bc80                   Options.inplace_update_support: 0
2022/03/17-19:37:24.903625 7fad75f8bc80                 Options.inplace_update_num_locks: 10000
2022/03/17-19:37:24.903627 7fad75f8bc80               Options.memtable_prefix_bloom_size_ratio: 0.000000
2022/03/17-19:37:24.903629 7fad75f8bc80               Options.memtable_whole_key_filtering: 0
2022/03/17-19:37:24.903630 7fad75f8bc80   Options.memtable_huge_page_size: 0
2022/03/17-19:37:24.903632 7fad75f8bc80                           Options.bloom_locality: 0
2022/03/17-19:37:24.903633 7fad75f8bc80                    Options.max_successive_merges: 0
2022/03/17-19:37:24.903634 7fad75f8bc80                Options.optimize_filters_for_hits: 0
2022/03/17-19:37:24.903635 7fad75f8bc80                Options.paranoid_file_checks: 0
2022/03/17-19:37:24.903637 7fad75f8bc80                Options.force_consistency_checks: 1
2022/03/17-19:37:24.903638 7fad75f8bc80                Options.report_bg_io_stats: 0
2022/03/17-19:37:24.903639 7fad75f8bc80                               Options.ttl: 2592000
2022/03/17-19:37:24.903641 7fad75f8bc80          Options.periodic_compaction_seconds: 0
2022/03/17-19:37:24.903642 7fad75f8bc80                    Options.enable_blob_files: false
2022/03/17-19:37:24.903644 7fad75f8bc80                        Options.min_blob_size: 0
2022/03/17-19:37:24.903646 7fad75f8bc80                       Options.blob_file_size: 268435456
2022/03/17-19:37:24.903648 7fad75f8bc80                Options.blob_compression_type: NoCompression
2022/03/17-19:37:24.903649 7fad75f8bc80       Options.enable_blob_garbage_collection: false
2022/03/17-19:37:24.903651 7fad75f8bc80   Options.blob_garbage_collection_age_cutoff: 0.250000
2022/03/17-19:37:24.904989 7fad75f8bc80 [db/column_family.cc:595] --------------- Options for column family [CE]:
2022/03/17-19:37:24.904999 7fad75f8bc80               Options.comparator: leveldb.BytewiseComparator
2022/03/17-19:37:24.905001 7fad75f8bc80           Options.merge_operator: None
2022/03/17-19:37:24.905003 7fad75f8bc80        Options.compaction_filter: filter_outdated
2022/03/17-19:37:24.905004 7fad75f8bc80        Options.compaction_filter_factory: None
2022/03/17-19:37:24.905005 7fad75f8bc80  Options.sst_partitioner_factory: None
2022/03/17-19:37:24.905006 7fad75f8bc80         Options.memtable_factory: SkipListFactory
2022/03/17-19:37:24.905007 7fad75f8bc80            Options.table_factory: BlockBasedTable
2022/03/17-19:37:24.905035 7fad75f8bc80            table_factory options:   flush_block_policy_factory: FlushBlockBySizePolicyFactory (0x55ca28e04760)
  cache_index_and_filter_blocks: 0
  cache_index_and_filter_blocks_with_high_priority: 1
  pin_l0_filter_and_index_blocks_in_cache: 0
  pin_top_level_index_and_filter: 1
  index_type: 0
  data_block_index_type: 0
  index_shortening: 1
  data_block_hash_table_util_ratio: 0.750000
  hash_index_allow_collision: 1
  checksum: 1
  no_block_cache: 0
  block_cache: 0x55ca28e1fb80
  block_cache_name: LRUCache
  block_cache_options:
    capacity : 8388608
    num_shard_bits : 4
    strict_capacity_limit : 0
    memory_allocator : None
    high_pri_pool_ratio: 0.000
  block_cache_compressed: (nil)
  persistent_cache: (nil)
  block_size: 4096
  block_size_deviation: 10
  block_restart_interval: 16
  index_block_restart_interval: 1
  metadata_block_size: 4096
  partition_filters: 0
  use_delta_encoding: 1
  filter_policy: nullptr
  whole_key_filtering: 1
  verify_compression: 0
  read_amp_bytes_per_bit: 0
  format_version: 4
  enable_index_compression: 1
  block_align: 0
2022/03/17-19:37:24.905036 7fad75f8bc80        Options.write_buffer_size: 67108864
2022/03/17-19:37:24.905037 7fad75f8bc80  Options.max_write_buffer_number: 2
2022/03/17-19:37:24.905062 7fad75f8bc80          Options.compression: NoCompression
2022/03/17-19:37:24.905063 7fad75f8bc80                  Options.bottommost_compression: Disabled
2022/03/17-19:37:24.905064 7fad75f8bc80       Options.prefix_extractor: nullptr
2022/03/17-19:37:24.905065 7fad75f8bc80   Options.memtable_insert_with_hint_prefix_extractor: nullptr
2022/03/17-19:37:24.905066 7fad75f8bc80             Options.num_levels: 7
2022/03/17-19:37:24.905067 7fad75f8bc80        Options.min_write_buffer_number_to_merge: 1
2022/03/17-19:37:24.905068 7fad75f8bc80     Options.max_write_buffer_number_to_maintain: 0
2022/03/17-19:37:24.905069 7fad75f8bc80     Options.max_write_buffer_size_to_maintain: 0
2022/03/17-19:37:24.905069 7fad75f8bc80            Options.bottommost_compression_opts.window_bits: -14
2022/03/17-19:37:24.905070 7fad75f8bc80                  Options.bottommost_compression_opts.level: 32767
2022/03/17-19:37:24.905071 7fad75f8bc80               Options.bottommost_compression_opts.strategy: 0
2022/03/17-19:37:24.905072 7fad75f8bc80         Options.bottommost_compression_opts.max_dict_bytes: 0
2022/03/17-19:37:24.905073 7fad75f8bc80         Options.bottommost_compression_opts.zstd_max_train_bytes: 0
2022/03/17-19:37:24.905074 7fad75f8bc80         Options.bottommost_compression_opts.parallel_threads: 1
2022/03/17-19:37:24.905075 7fad75f8bc80                  Options.bottommost_compression_opts.enabled: false
2022/03/17-19:37:24.905076 7fad75f8bc80            Options.compression_opts.window_bits: -14
2022/03/17-19:37:24.905076 7fad75f8bc80                  Options.compression_opts.level: 32767
2022/03/17-19:37:24.905077 7fad75f8bc80               Options.compression_opts.strategy: 0
2022/03/17-19:37:24.905078 7fad75f8bc80         Options.compression_opts.max_dict_bytes: 0
2022/03/17-19:37:24.905079 7fad75f8bc80         Options.compression_opts.zstd_max_train_bytes: 0
2022/03/17-19:37:24.905080 7fad75f8bc80         Options.compression_opts.parallel_threads: 1
2022/03/17-19:37:24.905080 7fad75f8bc80                  Options.compression_opts.enabled: false
2022/03/17-19:37:24.905081 7fad75f8bc80      Options.level0_file_num_compaction_trigger: 4
2022/03/17-19:37:24.905082 7fad75f8bc80          Options.level0_slowdown_writes_trigger: 20
2022/03/17-19:37:24.905083 7fad75f8bc80              Options.level0_stop_writes_trigger: 36
2022/03/17-19:37:24.905084 7fad75f8bc80                   Options.target_file_size_base: 67108864
2022/03/17-19:37:24.905085 7fad75f8bc80             Options.target_file_size_multiplier: 1
2022/03/17-19:37:24.905085 7fad75f8bc80                Options.max_bytes_for_level_base: 268435456
2022/03/17-19:37:24.905086 7fad75f8bc80 Options.level_compaction_dynamic_level_bytes: 0
2022/03/17-19:37:24.905087 7fad75f8bc80          Options.max_bytes_for_level_multiplier: 10.000000
2022/03/17-19:37:24.905089 7fad75f8bc80 Options.max_bytes_for_level_multiplier_addtl[0]: 1
2022/03/17-19:37:24.905090 7fad75f8bc80 Options.max_bytes_for_level_multiplier_addtl[1]: 1
2022/03/17-19:37:24.905091 7fad75f8bc80 Options.max_bytes_for_level_multiplier_addtl[2]: 1
2022/03/17-19:37:24.905092 7fad75f8bc80 Options.max_bytes_for_level_multiplier_addtl[3]: 1
2022/03/17-19:37:24.905093 7fad75f8bc80 Options.max_bytes_for_level_multiplier_addtl[4]: 1
2022/03/17-19:37:24.905094 7fad75f8bc80 Options.max_bytes_for_level_multiplier_addtl[5]: 1
2022/03/17-19:37:24.905094 7fad75f8bc80 Options.max_bytes_for_level_multiplier_addtl[6]: 1
2022/03/17-19:37:24.905095 7fad75f8bc80       Options.max_sequential_skip_in_iterations: 8
2022/03/17-19:37:24.905096 7fad75f8bc80                    Options.max_compaction_bytes: 1677721600
2022/03/17-19:37:24.905097 7fad75f8bc80                        Options.arena_block_size: 8388608
2022/03/17-19:37:24.905098 7fad75f8bc80   Options.soft_pending_compaction_bytes_limit: 68719476736
2022/03/17-19:37:24.905099 7fad75f8bc80   Options.hard_pending_compaction_bytes_limit: 274877906944
2022/03/17-19:37:24.905099 7fad75f8bc80       Options.rate_limit_delay_max_milliseconds: 100
2022/03/17-19:37:24.905100 7fad75f8bc80                Options.disable_auto_compactions: 1
2022/03/17-19:37:24.905110 7fad75f8bc80                        Options.compaction_style: kCompactionStyleLevel
2022/03/17-19:37:24.905111 7fad75f8bc80                          Options.compaction_pri: kMinOverlappingRatio
2022/03/17-19:37:24.905112 7fad75f8bc80 Options.compaction_options_universal.size_ratio: 1
2022/03/17-19:37:24.905113 7fad75f8bc80 Options.compaction_options_universal.min_merge_width: 2
2022/03/17-19:37:24.905114 7fad75f8bc80 Options.compaction_options_universal.max_merge_width: 4294967295
2022/03/17-19:37:24.905115 7fad75f8bc80 Options.compaction_options_universal.max_size_amplification_percent: 200
2022/03/17-19:37:24.905116 7fad75f8bc80 Options.compaction_options_universal.compression_size_percent: -1
2022/03/17-19:37:24.905117 7fad75f8bc80 Options.compaction_options_universal.stop_style: kCompactionStopStyleTotalSize
2022/03/17-19:37:24.905118 7fad75f8bc80 Options.compaction_options_fifo.max_table_files_size: 1073741824
2022/03/17-19:37:24.905119 7fad75f8bc80 Options.compaction_options_fifo.allow_compaction: 0
2022/03/17-19:37:24.905125 7fad75f8bc80                   Options.table_properties_collectors: 
2022/03/17-19:37:24.905126 7fad75f8bc80                   Options.inplace_update_support: 0
2022/03/17-19:37:24.905126 7fad75f8bc80                 Options.inplace_update_num_locks: 10000
2022/03/17-19:37:24.905127 7fad75f8bc80               Options.memtable_prefix_bloom_size_ratio: 0.000000
2022/03/17-19:37:24.905129 7fad75f8bc80               Options.memtable_whole_key_filtering: 0
2022/03/17-19:37:24.905130 7fad75f8bc80   Options.memtable_huge_page_size: 0
2022/03/17-19:37:24.905130 7fad75f8bc80                           Options.bloom_locality: 0
2022/03/17-19:37:24.905131 7fad75f8bc80                    Options.max_successive_merges: 0
2022/03/17-19:37:24.905132 7fad75f8bc80                Options.optimize_filters_for_hits: 0
2022/03/17-19:37:24.905133 7fad75f8bc80                Options.paranoid_file_checks: 0
2022/03/17-19:37:24.905134 7fad75f8bc80                Options.force_consistency_checks: 1
2022/03/17-19:37:24.905134 7fad75f8bc80                Options.report_bg_io_stats: 0
2022/03/17-19:37:24.905135 7fad75f8bc80                               Options.ttl: 2592000
2022/03/17-19:37:24.905136 7fad75f8bc80          Options.periodic_compaction_seconds: 2592000
2022/03/17-19:37:24.905137 7fad75f8bc80                    Options.enable_blob_files: false
2022/03/17-19:37:24.905138 7fad75f8bc80                        Options.min_blob_size: 0
2022/03/17-19:37:24.905139 7fad75f8bc80                       Options.blob_file_size: 268435456
2022/03/17-19:37:24.905139 7fad75f8bc80                Options.blob_compression_type: NoCompression
2022/03/17-19:37:24.905140 7fad75f8bc80       Options.enable_blob_garbage_collection: false
2022/03/17-19:37:24.905141 7fad75f8bc80   Options.blob_garbage_collection_age_cutoff: 0.250000
2022/03/17-19:37:24.905191 7fad75f8bc80 [db/column_family.cc:595] --------------- Options for column family [CES]:
2022/03/17-19:37:24.905192 7fad75f8bc80               Options.comparator: leveldb.BytewiseComparator
2022/03/17-19:37:24.905193 7fad75f8bc80           Options.merge_operator: None
2022/03/17-19:37:24.905194 7fad75f8bc80        Options.compaction_filter: filter_outdated
2022/03/17-19:37:24.905195 7fad75f8bc80        Options.compaction_filter_factory: None
2022/03/17-19:37:24.905196 7fad75f8bc80  Options.sst_partitioner_factory: None
2022/03/17-19:37:24.905197 7fad75f8bc80         Options.memtable_factory: SkipListFactory
2022/03/17-19:37:24.905198 7fad75f8bc80            Options.table_factory: BlockBasedTable
2022/03/17-19:37:24.905218 7fad75f8bc80            table_factory options:   flush_block_policy_factory: FlushBlockBySizePolicyFactory (0x55ca28e13b40)
  cache_index_and_filter_blocks: 0
  cache_index_and_filter_blocks_with_high_priority: 1
  pin_l0_filter_and_index_blocks_in_cache: 0
  pin_top_level_index_and_filter: 1
  index_type: 0
  data_block_index_type: 0
  index_shortening: 1
  data_block_hash_table_util_ratio: 0.750000
  hash_index_allow_collision: 1
  checksum: 1
  no_block_cache: 0
  block_cache: 0x55ca28d492e0
  block_cache_name: LRUCache
  block_cache_options:
    capacity : 8388608
    num_shard_bits : 4
    strict_capacity_limit : 0
    memory_allocator : None
    high_pri_pool_ratio: 0.000
  block_cache_compressed: (nil)
  persistent_cache: (nil)
  block_size: 4096
  block_size_deviation: 10
  block_restart_interval: 16
  index_block_restart_interval: 1
  metadata_block_size: 4096
  partition_filters: 0
  use_delta_encoding: 1
  filter_policy: nullptr
  whole_key_filtering: 1
  verify_compression: 0
  read_amp_bytes_per_bit: 0
  format_version: 4
  enable_index_compression: 1
  block_align: 0
2022/03/17-19:37:24.905230 7fad75f8bc80        Options.write_buffer_size: 67108864
2022/03/17-19:37:24.905232 7fad75f8bc80  Options.max_write_buffer_number: 2
2022/03/17-19:37:24.905232 7fad75f8bc80          Options.compression: NoCompression
2022/03/17-19:37:24.905233 7fad75f8bc80                  Options.bottommost_compression: Disabled
2022/03/17-19:37:24.905234 7fad75f8bc80       Options.prefix_extractor: nullptr
2022/03/17-19:37:24.905235 7fad75f8bc80   Options.memtable_insert_with_hint_prefix_extractor: nullptr
2022/03/17-19:37:24.905236 7fad75f8bc80             Options.num_levels: 7
2022/03/17-19:37:24.905237 7fad75f8bc80        Options.min_write_buffer_number_to_merge: 1
2022/03/17-19:37:24.905237 7fad75f8bc80     Options.max_write_buffer_number_to_maintain: 0
2022/03/17-19:37:24.905238 7fad75f8bc80     Options.max_write_buffer_size_to_maintain: 0
2022/03/17-19:37:24.905239 7fad75f8bc80            Options.bottommost_compression_opts.window_bits: -14
2022/03/17-19:37:24.905240 7fad75f8bc80                  Options.bottommost_compression_opts.level: 32767
2022/03/17-19:37:24.905241 7fad75f8bc80               Options.bottommost_compression_opts.strategy: 0
2022/03/17-19:37:24.905241 7fad75f8bc80         Options.bottommost_compression_opts.max_dict_bytes: 0
2022/03/17-19:37:24.905242 7fad75f8bc80         Options.bottommost_compression_opts.zstd_max_train_bytes: 0
2022/03/17-19:37:24.905243 7fad75f8bc80         Options.bottommost_compression_opts.parallel_threads: 1
2022/03/17-19:37:24.905244 7fad75f8bc80                  Options.bottommost_compression_opts.enabled: false
2022/03/17-19:37:24.905245 7fad75f8bc80            Options.compression_opts.window_bits: -14
2022/03/17-19:37:24.905246 7fad75f8bc80                  Options.compression_opts.level: 32767
2022/03/17-19:37:24.905246 7fad75f8bc80               Options.compression_opts.strategy: 0
2022/03/17-19:37:24.905247 7fad75f8bc80         Options.compression_opts.max_dict_bytes: 0
2022/03/17-19:37:24.905248 7fad75f8bc80         Options.compression_opts.zstd_max_train_bytes: 0
2022/03/17-19:37:24.905249 7fad75f8bc80         Options.compression_opts.parallel_threads: 1
2022/03/17-19:37:24.905250 7fad75f8bc80                  Options.compression_opts.enabled: false
2022/03/17-19:37:24.905250 7fad75f8bc80      Options.level0_file_num_compaction_trigger: 4
2022/03/17-19:37:24.905251 7fad75f8bc80          Options.level0_slowdown_writes_trigger: 20
2022/03/17-19:37:24.905252 7fad75f8bc80              Options.level0_stop_writes_trigger: 36
2022/03/17-19:37:24.905253 7fad75f8bc80                   Options.target_file_size_base: 67108864
2022/03/17-19:37:24.905254 7fad75f8bc80             Options.target_file_size_multiplier: 1
2022/03/17-19:37:24.905254 7fad75f8bc80                Options.max_bytes_for_level_base: 268435456
2022/03/17-19:37:24.905255 7fad75f8bc80 Options.level_compaction_dynamic_level_bytes: 0
2022/03/17-19:37:24.905256 7fad75f8bc80          Options.max_bytes_for_level_multiplier: 10.000000
2022/03/17-19:37:24.905258 7fad75f8bc80 Options.max_bytes_for_level_multiplier_addtl[0]: 1
2022/03/17-19:37:24.905259 7fad75f8bc80 Options.max_bytes_for_level_multiplier_addtl[1]: 1
2022/03/17-19:37:24.905259 7fad75f8bc80 Options.max_bytes_for_level_multiplier_addtl[2]: 1
2022/03/17-19:37:24.905260 7fad75f8bc80 Options.max_bytes_for_level_multiplier_addtl[3]: 1
2022/03/17-19:37:24.905267 7fad75f8bc80 Options.max_bytes_for_level_multiplier_addtl[4]: 1
2022/03/17-19:37:24.905268 7fad75f8bc80 Options.max_bytes_for_level_multiplier_addtl[5]: 1
2022/03/17-19:37:24.905269 7fad75f8bc80 Options.max_bytes_for_level_multiplier_addtl[6]: 1
2022/03/17-19:37:24.905270 7fad75f8bc80       Options.max_sequential_skip_in_iterations: 8
2022/03/17-19:37:24.905271 7fad75f8bc80                    Options.max_compaction_bytes: 1677721600
2022/03/17-19:37:24.905272 7fad75f8bc80                        Options.arena_block_size: 8388608
2022/03/17-19:37:24.905273 7fad75f8bc80   Options.soft_pending_compaction_bytes_limit: 68719476736
2022/03/17-19:37:24.905273 7fad75f8bc80   Options.hard_pending_compaction_bytes_limit: 274877906944
2022/03/17-19:37:24.905274 7fad75f8bc80       Options.rate_limit_delay_max_milliseconds: 100
2022/03/17-19:37:24.905275 7fad75f8bc80                Options.disable_auto_compactions: 1
2022/03/17-19:37:24.905276 7fad75f8bc80                        Options.compaction_style: kCompactionStyleLevel
2022/03/17-19:37:24.905277 7fad75f8bc80                          Options.compaction_pri: kMinOverlappingRatio
2022/03/17-19:37:24.905278 7fad75f8bc80 Options.compaction_options_universal.size_ratio: 1
2022/03/17-19:37:24.905279 7fad75f8bc80 Options.compaction_options_universal.min_merge_width: 2
2022/03/17-19:37:24.905279 7fad75f8bc80 Options.compaction_options_universal.max_merge_width: 4294967295
2022/03/17-19:37:24.905280 7fad75f8bc80 Options.compaction_options_universal.max_size_amplification_percent: 200
2022/03/17-19:37:24.905281 7fad75f8bc80 Options.compaction_options_universal.compression_size_percent: -1
2022/03/17-19:37:24.905282 7fad75f8bc80 Options.compaction_options_universal.stop_style: kCompactionStopStyleTotalSize
2022/03/17-19:37:24.905283 7fad75f8bc80 Options.compaction_options_fifo.max_table_files_size: 1073741824
2022/03/17-19:37:24.905284 7fad75f8bc80 Options.compaction_options_fifo.allow_compaction: 0
2022/03/17-19:37:24.905286 7fad75f8bc80                   Options.table_properties_collectors: 
2022/03/17-19:37:24.905287 7fad75f8bc80                   Options.inplace_update_support: 0
2022/03/17-19:37:24.905287 7fad75f8bc80                 Options.inplace_update_num_locks: 10000
2022/03/17-19:37:24.905288 7fad75f8bc80               Options.memtable_prefix_bloom_size_ratio: 0.000000
2022/03/17-19:37:24.905289 7fad75f8bc80               Options.memtable_whole_key_filtering: 0
2022/03/17-19:37:24.905290 7fad75f8bc80   Options.memtable_huge_page_size: 0
2022/03/17-19:37:24.905291 7fad75f8bc80                           Options.bloom_locality: 0
2022/03/17-19:37:24.905292 7fad75f8bc80                    Options.max_successive_merges: 0
2022/03/17-19:37:24.905293 7fad75f8bc80                Options.optimize_filters_for_hits: 0
2022/03/17-19:37:24.905293 7fad75f8bc80                Options.paranoid_file_checks: 0
2022/03/17-19:37:24.905294 7fad75f8bc80                Options.force_consistency_checks: 1
2022/03/17-19:37:24.905295 7fad75f8bc80                Options.report_bg_io_stats: 0
2022/03/17-19:37:24.905296 7fad75f8bc80                               Options.ttl: 2592000
2022/03/17-19:37:24.905297 7fad75f8bc80          Options.periodic_compaction_seconds: 2592000
2022/03/17-19:37:24.905297 7fad75f8bc80                    Options.enable_blob_files: false
2022/03/17-19:37:24.905298 7fad75f8bc80                        Options.min_blob_size: 0
2022/03/17-19:37:24.905299 7fad75f8bc80                       Options.blob_file_size: 268435456
2022/03/17-19:37:24.905300 7fad75f8bc80                Options.blob_compression_type: NoCompression
2022/03/17-19:37:24.905301 7fad75f8bc80       Options.enable_blob_garbage_collection: false
2022/03/17-19:37:24.905301 7fad75f8bc80   Options.blob_garbage_collection_age_cutoff: 0.250000
2022/03/17-19:37:24.912568 7fad75f8bc80 [db/version_set.cc:4798] Recovered from manifest file:/home/lightfury2/Documents/work/blockchain/ICP/Static_website_ICP/.dfx/state/replicated_state/node-100/ic_consensus_pool/certification/MANIFEST-000020 succeeded,manifest_file_number is 20, next_file_number is 27, last_sequence is 9200, log_number is 12,prev_log_number is 0,max_column_family is 2,min_log_number_to_keep is 0
2022/03/17-19:37:24.912735 7fad75f8bc80 [db/version_set.cc:4813] Column family [default] (ID 0), log number is 12
2022/03/17-19:37:24.912738 7fad75f8bc80 [db/version_set.cc:4813] Column family [CE] (ID 1), log number is 12
2022/03/17-19:37:24.912739 7fad75f8bc80 [db/version_set.cc:4813] Column family [CES] (ID 2), log number is 12
2022/03/17-19:37:24.913504 7fad75f8bc80 [db/version_set.cc:4112] Creating manifest 27
2022/03/17-19:37:24.916208 7fad75f8bc80 EVENT_LOG_v1 {"time_micros": 1647571044916203, "job": 1, "event": "recovery_started", "wal_files": [21]}
2022/03/17-19:37:24.916214 7fad75f8bc80 [db/db_impl/db_impl_open.cc:847] Recovering log #21 mode 2
2022/03/17-19:37:24.918807 7fad75f8bc80 EVENT_LOG_v1 {"time_micros": 1647571044918770, "cf_name": "CE", "job": 1, "event": "table_file_creation", "file_number": 28, "file_size": 15207, "file_checksum": "", "file_checksum_func_name": "Unknown", "table_properties": {"data_size": 14254, "index_size": 112, "index_partitions": 0, "top_level_index_size": 0, "index_key_is_user_key": 1, "index_value_is_delta_encoded": 1, "filter_size": 0, "raw_key_size": 3360, "raw_average_key_size": 48, "raw_value_size": 10990, "raw_average_value_size": 157, "num_data_blocks": 4, "num_entries": 70, "num_deletions": 0, "num_merge_operands": 0, "num_range_deletions": 0, "format_version": 0, "fixed_key_len": 0, "filter_policy": "", "column_family_name": "CE", "column_family_id": 1, "comparator": "leveldb.BytewiseComparator", "merge_operator": "nullptr", "prefix_extractor_name": "nullptr", "property_collectors": "[]", "compression": "NoCompression", "compression_options": "window_bits=-14; level=32767; strategy=0; max_dict_bytes=0; zstd_max_train_bytes=0; enabled=0; ", "creation_time": 1647571044, "oldest_key_time": 0, "file_creation_time": 0, "db_id": "ae65e5bd-0ce8-40ca-ad6b-7605d30030dc", "db_session_id": "K8OWMDVII7CVDI5884O0"}}
